92 92 10000 1e-12
2.612381528543112008e+00 2.290761920196803025e+00 2.030354904636733959e+00 1.866271054948206221e+00 1.651689127482885544e+00 1.435604211348722181e+00 1.288699221847818821e+00 1.215163002926847202e+00 1.162827320659399088e+00 1.115002670688365560e+00 1.019653028705154396e+00 8.600554913099136556e-01 7.485064085313818394e-01 6.768252340597505912e-01 6.245998099390234204e-01 5.736015499461265543e-01 4.863083857602015225e-01 4.024952288290710167e-01 3.353294817053157351e-01 2.978628738637797979e-01 2.590547332159117144e-01 2.315824910613017706e-01 2.071235915532418925e-01 1.966038327362766569e-01 1.756246851471808257e-01 1.610434996286836673e-01 1.491091265177146574e-01 1.354949132500861964e-01 1.266051267061747143e-01 1.160726973403586187e-01 1.093576117362997091e-01 9.652506506329310010e-02 8.973968781969871022e-02 7.632088751843721375e-02 6.808705872289544381e-02 6.710451748183622611e-02 7.276388585271646725e-02 6.920055110822015410e-02 7.475599294738836942e-02 8.534614650796711055e-02 9.907240874957475019e-02 1.005616742382294121e-01 9.913718720274367069e-02 9.851508876030606876e-02 9.014555441427475613e-02 8.995249948482275659e-02 8.846709184519477298e-02 8.611211219041066400e-02 8.645173382040190202e-02 9.039732578944503771e-02 1.028675464362882597e-01 9.753003139551193190e-02 7.290980328117060982e-02 5.508882791385097399e-02 4.615469847432050049e-02 2.942222981551286670e-02 1.225950381505682904e-02 -2.029457759004808359e-03 -6.118682033474048473e-03 -8.931748439773120468e-03 -2.966392141767320309e-04 7.418345801653731912e-03 4.965938374043279459e-03 4.646989889259253714e-03 1.510549482066717410e-03 -3.561177152154605327e-03 -6.885648292047082987e-03 -9.310313037977123798e-03 8.823893249313203083e-03 2.965134747743812527e-02 5.033530854947342731e-02 8.183281769858799515e-02 1.111383313195103278e-01 1.574600275691337148e-01 2.181301961150254598e-01 2.812889202683908629e-01 3.557147640785207621e-01 4.298242322485677502e-01 4.838596860540300693e-01 5.400007289558922396e-01 6.020074904609284960e-01 6.658909954781049301e-01 7.131171958069491001e-01 7.561292975451495701e-01 8.155019577195514735e-01 8.616755265272292297e-01 9.012018864295320286e-01 9.654343571238904742e-01 9.876633414000605127e-01 1.028033809354889083e+00 1.058082081732624635e+00 1.067242589302930478e+00
2.290761920196803025e+00 2.673988078899780074e+00 2.340791270643403088e+00 2.045751283414766419e+00 1.861537231115748980e+00 1.648742144157704592e+00 1.472080184599297015e+00 1.354856730114098129e+00 1.271698125532188639e+00 1.205092098609398699e+00 1.095527536404911517e+00 9.473233885013341293e-01 8.327241812683120470e-01 7.549133906077857281e-01 6.906406451003493929e-01 6.308701530391117585e-01 5.380030941286711998e-01 4.459664356430887988e-01 3.806027031656936677e-01 3.420191255777015882e-01 2.979708608847419504e-01 2.687461815926289743e-01 2.439645877289223219e-01 2.304792043329329521e-01 2.066137097775737064e-01 1.888694975460175618e-01 1.733619232615653261e-01 1.605691755859240955e-01 1.460798466521251726e-01 1.362400413880077155e-01 1.281178013032556740e-01 1.138683703083128856e-01 1.014507331985296662e-01 8.354939721394857854e-02 7.619492708725708607e-02 7.470067765543887683e-02 8.010968188000743007e-02 7.970628127515125283e-02 8.650378966951123572e-02 9.763714665182794683e-02 1.004803698572896420e-01 9.590098440608016417e-02 1.002375371573784868e-01 9.509599259516962610e-02 7.784844926481182537e-02 7.554178324769135477e-02 6.997740117801211357e-02 7.108785807682536928e-02 7.243883894928067335e-02 7.336401233132099076e-02 8.684667467621606796e-02 7.935346863570760800e-02 5.538360164865888113e-02 4.603392297979022607e-02 3.731455777888034731e-02 1.532341539804966610e-02 1.352072842527818515e-03 -1.243719111374586538e-02 -1.971041723987994668e-02 -1.815519322751662015e-02 -8.100735611457679161e-03 3.208838590200484286e-03 8.367326436704318124e-03 1.164805793589214315e-02 1.193201855050035794e-02 4.461499340961921738e-03 2.750617629562247726e-03 3.979997808924096853e-03 2.160373983282414673e-02 4.434414512699440258e-02 6.852877443146966618e-02 1.041580094234565157e-01 1.357464635049760449e-01 1.892906481536753560e-01 2.525779211354440279e-01 3.226222722647516528e-01 3.968188917409470329e-01 4.656530258691055080e-01 5.201154603741162674e-01 5.760150972913226086e-01 6.270597613465371811e-01 7.031903942129975604e-01 7.613979450085661682e-01 7.990918311974922750e-01 8.530968919884154289e-01 9.023897954408690580e-01 9.396424224335077069e-01 9.943756608507097194e-01 9.989358836726173196e-01 1.032294773094409868e+00 1.040813753370380290e+00 1.008946579051070769e+00
2.030354904636733959e+00 2.340791270643403088e+00 2.741888205355510255e+00 2.393094256110256612e+00 2.103453444277712858e+00 1.875265666685193233e+00 1.662662368223817522e+00 1.515306782706783872e+00 1.397399573266219663e+00 1.289983635909951465e+00 1.163611314094405547e+00 1.015480426258055013e+00 8.994112699526863874e-01 8.091669303962849558e-01 7.378613735942410878e-01 6.631054644475041782e-01 5.688374689549922092e-01 4.679101247152235854e-01 3.967193303449619290e-01 3.539504712528769304e-01 3.099636648239214032e-01 2.735267673784005371e-01 2.448745345507302995e-01 2.294863550627234683e-01 2.027413465877423437e-01 1.839030392602853392e-01 1.676388215670495674e-01 1.559330837153420635e-01 1.377078187792597219e-01 1.212813112423468814e-01 1.169414249450116683e-01 1.030448119871525542e-01 8.990065414368385299e-02 7.830801542718777986e-02 6.949419966374539848e-02 6.760724134610740510e-02 7.464073073071025854e-02 6.963033848922350888e-02 7.172131599044075101e-02 7.197312231304442420e-02 7.981734046828195539e-02 8.501142922881683994e-02 8.969413996950326151e-02 8.353200318094843035e-02 6.614214493533256134e-02 5.400696652388099067e-02 4.898799175990751348e-02 5.726857427507510423e-02 5.822235268044316514e-02 6.149898050925823451e-02 7.226235852636207768e-02 6.104854907541400894e-02 3.316325945198862063e-02 1.924518401264706940e-02 7.280961859496274356e-03 -1.945162829196016643e-02 -3.305029571521127946e-02 -4.431222860561794680e-02 -4.956179577662085667e-02 -4.846698855814613599e-02 -3.289003886072276034e-02 -2.209233240041062057e-02 -1.628123370844649503e-02 -5.918416314047457438e-03 -3.616826823344532812e-03 -5.658067356603947891e-03 -3.126003749530246057e-03 3.119908532868912853e-03 2.454090201430330839e-02 4.931225326094098443e-02 7.842929043215673968e-02 1.152857440772905584e-01 1.474306427240152095e-01 2.007849269523162006e-01 2.739486366955827257e-01 3.531599920499158274e-01 4.271001461251002773e-01 4.973663406354718042e-01 5.519241822746526749e-01 6.137632074425223294e-01 6.654422478335683122e-01 7.492712758397734873e-01 8.058617747578439294e-01 8.373331188000043834e-01 8.948960260330940386e-01 9.552100571761062975e-01 9.870778549686071157e-01 1.016932911128081374e+00 1.009625759735020889e+00 1.020441421216979672e+00 9.939700530684099089e-01 9.467032872772817020e-01
1.866271054948206221e+00 2.045751283414766419e+00 2.393094256110256612e+00 2.830416697188494091e+00 2.502571039601526603e+00 2.133058351373116945e+00 1.878590310732543012e+00 1.693987540965458782e+00 1.535160711491325491e+00 1.409933940659349183e+00 1.255277881545125318e+00 1.094267431942274271e+00 9.793713209192181912e-01 8.808524473152571366e-01 7.899847271481409416e-01 7.012416665808992589e-01 5.951717908341207508e-01 4.884072695236191253e-01 4.160318748040206516e-01 3.713614662918507392e-01 3.236634377342169633e-01 2.805402238328235098e-01 2.463917705197811447e-01 2.262736352947123109e-01 1.965448927916573219e-01 1.738415257390820701e-01 1.614907197410233308e-01 1.512057855384866811e-01 1.324464512688001971e-01 1.171156669939558553e-01 1.164106448784972131e-01 1.053742171649081072e-01 9.281874691951406964e-02 7.685982387682781247e-02 6.449667009050884248e-02 6.005299659376883009e-02 6.138107161913877730e-02 5.690854837555051754e-02 5.737435164848742747e-02 5.699239614288283823e-02 7.976067091753701044e-02 9.121970440600686569e-02 9.351353876843709889e-02 8.357707466651845274e-02 6.338897952807709402e-02 4.862360548189836873e-02 4.473035461353008779e-02 5.380373960411059114e-02 5.318974366011711141e-02 5.614857718431173761e-02 5.978697974809968341e-02 6.082615723920761774e-02 3.623401643215534706e-02 1.695219159061380626e-02 5.122326675710046906e-03 -1.705844093735048306e-02 -3.890671583093575220e-02 -5.172397602075428508e-02 -5.448662691167373978e-02 -6.180048821198808745e-02 -4.402143348060195277e-02 -2.384176607130234632e-02 -1.674716936079809898e-02 -4.362207095106565742e-03 5.291319016321233484e-03 8.423551002325857864e-03 8.177567361292726808e-03 1.436986497436920293e-02 3.738451558808780772e-02 6.532349837533311943e-02 9.320736302172705212e-02 1.366666867934611118e-01 1.759491371208758981e-01 2.287625287578727573e-01 3.028307538330679005e-01 3.810043612475964570e-01 4.643705136975419534e-01 5.458446916838146645e-01 6.090607865322470449e-01 6.798623401377910103e-01 7.371276578975594074e-01 8.221178109092250885e-01 8.799667384598565123e-01 9.276134316161290805e-01 9.817990194134366133e-01 1.024196740968844166e+00 1.052633196722718933e+00 1.066887179849603351e+00 1.042153713542198101e+00 1.030074368047250610e+00 9.828812959642803104e-01 9.176408345209287054e-01
1.651689127482885544e+00 1.861537231115748980e+00 2.103453444277712858e+00 2.502571039601526603e+00 2.954244283658805870e+00 2.592547320083041562e+00 2.212210047615878583e+00 1.983433221515267464e+00 1.774358842901451627e+00 1.605041438187527092e+00 1.407482975408030468e+00 1.239617847709239218e+00 1.105781138586471757e+00 9.834112071021969825e-01 8.738685507175769640e-01 7.701611779297810045e-01 6.614387143003843672e-01 5.419553632531850518e-01 4.611187280963874868e-01 4.060021261213546118e-01 3.399527205136175234e-01 2.917598610885254184e-01 2.500858017131103450e-01 2.262281771002364050e-01 1.987043280155142977e-01 1.771688307316021671e-01 1.602646285542945193e-01 1.510128866831750849e-01 1.337765436393499874e-01 1.233481319247322905e-01 1.219724142158293140e-01 1.072167495181577529e-01 9.248021908930381674e-02 7.621506970846569917e-02 5.920718096572481770e-02 4.650140610816191206e-02 4.223603341139333528e-02 4.726322054781030568e-02 4.849962067854297204e-02 5.015682093625734722e-02 6.279936783569046999e-02 6.769310252474623757e-02 7.169967794842110886e-02 6.187104936759557638e-02 4.682848490296038363e-02 3.093140729061100505e-02 2.413862631427390881e-02 2.565099370328673828e-02 2.892582247115420280e-02 2.488074449011857397e-02 2.974156235612484406e-02 3.180884311872917564e-02 1.740109494334876952e-02 8.098392303696941991e-03 2.046467827662602681e-03 -1.761829260287700247e-02 -3.507319442643321017e-02 -4.276926254282370499e-02 -5.152696571880899939e-02 -6.358634397011533879e-02 -5.182943209734230949e-02 -3.858584926266167558e-02 -2.793592388046417865e-02 -1.471174995385698785e-02 -2.939957884683035150e-03 1.818860224218190940e-04 2.831966380934877389e-03 9.669236629576256903e-03 3.290732000070453744e-02 6.653130189939764072e-02 8.870981732418382892e-02 1.321239097853044442e-01 1.769805992798725025e-01 2.302051779380145657e-01 3.003217028365743890e-01 3.837978271753351156e-01 4.768208369041240235e-01 5.677326369462526445e-01 6.348550649878177410e-01 7.099564212821632969e-01 7.819897656166195921e-01 8.833884006082856066e-01 9.511855509744230330e-01 9.945771470772361011e-01 1.030883602952326950e+00 1.063366028121248030e+00 1.083027360867245825e+00 1.073786207611084009e+00 1.032624053028613487e+00 9.957804105454338695e-01 9.212204789216422718e-01 8.359210620726341689e-01
1.435604211348722181e+00 1.648742144157704592e+00 1.875265666685193233e+00 2.133058351373116945e+00 2.592547320083041562e+00 3.072256154990952393e+00 2.704818699896005096e+00 2.316283199364360890e+00 2.051562463162819760e+00 1.842019115697276055e+00 1.602013352023806680e+00 1.409936742766533246e+00 1.254314438619109406e+00 1.106635931313654453e+00 9.869337688039722112e-01 8.644377544810133429e-01 7.419019634831340859e-01 6.115649967602728720e-01 5.128169595687012139e-01 4.491909017741538279e-01 3.747250338210194598e-01 3.215070243655430704e-01 2.765786106611174411e-01 2.489269562500669719e-01 2.257448156694412122e-01 2.048622684589576637e-01 1.833999447885442946e-01 1.727802215822816234e-01 1.558019099870299740e-01 1.467411017727361378e-01 1.433035308572345734e-01 1.300015560756504762e-01 1.126236972417830190e-01 9.054210751779219468e-02 6.742439737976593794e-02 5.592366309484697595e-02 5.058707827790575456e-02 4.828112218770923975e-02 4.499063038263096531e-02 4.814200130321012738e-02 5.277317875955377102e-02 5.237664578283054984e-02 6.209131727809817647e-02 5.247857271753592068e-02 4.217747477803933387e-02 2.519127192419706729e-02 1.895219268843882296e-02 1.641660433078297177e-02 2.065215296089163710e-02 1.998256306033402430e-02 1.575388352212499579e-02 1.672104688605341102e-02 9.850837125976123071e-04 2.081061029700570497e-03 -1.394911077307168243e-03 -1.846305861860199349e-02 -3.175126905155448848e-02 -3.606310326349104756e-02 -4.859177642059140517e-02 -6.173201850475749236e-02 -4.684714939410331708e-02 -3.522776317441621285e-02 -2.478340060943011805e-02 -1.187772798683331237e-02 4.511897565596800362e-04 7.081777497832430698e-03 9.836247853237294406e-03 1.889181559922623391e-02 3.990838191781367200e-02 6.405538408899164038e-02 7.861091855715586496e-02 1.178759286514293458e-01 1.648853663339572007e-01 2.226153528558665051e-01 2.875726582074664694e-01 3.688540042142758879e-01 4.671418764713428096e-01 5.687369426621945445e-01 6.444749103728698580e-01 7.145761572963859054e-01 7.955368454131828138e-01 8.978991469212529442e-01 9.644121926289725977e-01 1.015565242215675124e+00 1.036279614599336707e+00 1.051552464628875860e+00 1.066284922675372338e+00 1.031042100999455480e+00 9.614740793649815265e-01 9.026502056935502560e-01 8.255530698964678171e-01 7.390462864578006830e-01
1.288699221847818821e+00 1.472080184599297015e+00 1.662662368223817522e+00 1.878590310732543012e+00 2.212210047615878583e+00 2.704818699896005096e+00 3.154666090948863744e+00 2.786760214816933257e+00 2.396498182161669099e+00 2.144183609882349462e+00 1.869719816818726343e+00 1.632472500921144487e+00 1.443653432521834867e+00 1.270381506403636118e+00 1.125805270978695427e+00 9.841315372914046788e-01 8.429117518293079980e-01 6.987874491140890765e-01 5.866797947341444441e-01 5.106866941077207178e-01 4.266509061974744776e-01 3.662183135072974438e-01 3.177638339347351737e-01 2.836182343266592243e-01 2.546906041034412982e-01 2.294330402826350868e-01 2.076093880516828583e-01 1.975251586071433696e-01 1.864143847113209074e-01 1.790752479083571047e-01 1.789832466851969395e-01 1.640728522251889143e-01 1.444913652164625251e-01 1.235349954863377286e-01 1.050268741647666926e-01 9.656027487711800472e-02 9.451700785013583683e-02 9.694249303738712575e-02 8.981131862293391388e-02 8.910564064843970455e-02 8.665785671140541213e-02 8.513619431139037019e-02 8.971397300402254860e-02 7.456979055097326392e-02 6.090013382031034261e-02 3.592696187642110267e-02 2.225224426334912464e-02 1.165098894604449722e-02 1.552387744520546120e-02 2.031895671847264509e-02 1.943838916117246463e-02 1.820867112612395422e-02 7.174684426732978564e-03 7.894442649042971924e-03 5.357889028632918313e-03 -1.282990914810826048e-02 -1.819526402808966520e-02 -1.448601350187690012e-02 -2.162644047809362050e-02 -3.572828397808827661e-02 -2.176989594218664559e-02 -9.457238178424462460e-03 4.814641236462211503e-03 1.588842336528696955e-02 2.892248691243772332e-02 3.609395169249196567e-02 4.343073960708386527e-02 5.742529393696341189e-02 7.122790131741310593e-02 9.132877223581940818e-02 1.090329849339510271e-01 1.443812529890004803e-01 1.904092457918419024e-01 2.424490299685678474e-01 3.083338873233446020e-01 3.922040548628966117e-01 4.961355346557095869e-01 6.004731373852688625e-01 6.758055435137864109e-01 7.449893464761304651e-01 8.309716332504708536e-01 9.272436154949781351e-01 9.859599995517218662e-01 1.016826493905583106e+00 1.022451675361213841e+00 1.013149427038197548e+00 1.008528071640409474e+00 9.434644968152786637e-01 8.559861709711708011e-01 7.955291102287336269e-01 7.052808933369107969e-01 6.187548179085468059e-01
1.215163002926847202e+00 1.354856730114098129e+00 1.515306782706783872e+00 1.693987540965458782e+00 1.983433221515267464e+00 2.316283199364360890e+00 2.786760214816933257e+00 3.241395414155677557e+00 2.872980506422164737e+00 2.494240367442072337e+00 2.184255772215920377e+00 1.919572605328889958e+00 1.701545635607590423e+00 1.496760432735225299e+00 1.315219281377386640e+00 1.145132568377924542e+00 9.860267302124468003e-01 8.265894182921911248e-01 7.014429345231928403e-01 6.022820265211682456e-01 4.999649200954833228e-01 4.240140352369852761e-01 3.706401957239254252e-01 3.350916398099758053e-01 2.994994533974372208e-01 2.686092752044069720e-01 2.477599245794131211e-01 2.391292015311915764e-01 2.300830243984778589e-01 2.257878746585595120e-01 2.294382427844873507e-01 2.199043442999202291e-01 2.041520035880584616e-01 1.808653276401951393e-01 1.606334482161597410e-01 1.562147582005823376e-01 1.534567766344386019e-01 1.493037766785806353e-01 1.442248985369423697e-01 1.434802197754445618e-01 1.470497403071761855e-01 1.373455436189943979e-01 1.378443096406658241e-01 1.280366980072873417e-01 1.153713190895095386e-01 8.861539082231897901e-02 6.987337556758140000e-02 4.889728450664542619e-02 4.450316445809413685e-02 4.687075977047223257e-02 3.968559184553789587e-02 3.405773508152842161e-02 2.222661141861654449e-02 2.641443768138424311e-02 2.079703385944319666e-02 4.017452858130606853e-03 3.776295347897388240e-03 1.346189972693889562e-02 8.014383796466996446e-03 -3.134414736838709702e-03 8.194140861486273741e-03 1.998310996022445440e-02 3.756396837257258703e-02 5.177461906039444034e-02 6.085168633946445860e-02 6.847390147156595663e-02 7.465334126512003510e-02 8.863273572764422681e-02 1.098013826650207914e-01 1.349061816475198294e-01 1.554860588329068094e-01 1.927312227187594484e-01 2.320735568459577070e-01 2.777489185164447871e-01 3.432542687901351530e-01 4.311046815152092537e-01 5.374907903677735854e-01 6.340927395105667719e-01 7.009173044458951729e-01 7.644116396910449751e-01 8.505278217022191889e-01 9.341282259763272755e-01 9.760238036850789056e-01 9.898390053155317059e-01 9.864311886633085891e-01 9.727610444982837112e-01 9.401294449281730747e-01 8.613264615883556852e-01 7.732048563209914516e-01 7.095226260160317766e-01 6.309482134382484730e-01 5.437650495931071193e-01
1.162827320659399088e+00 1.271698125532188639e+00 1.397399573266219663e+00 1.535160711491325491e+00 1.774358842901451627e+00 2.051562463162819760e+00 2.396498182161669099e+00 2.872980506422164737e+00 3.321158368640990677e+00 2.979544406775318954e+00 2.549193306194179609e+00 2.248920923243495462e+00 1.987534743626953038e+00 1.753466321217691304e+00 1.532189214188199200e+00 1.332770772601302944e+00 1.154155609669186067e+00 9.752730874342250278e-01 8.312246950276066526e-01 7.188196953489502938e-01 6.035095811088077022e-01 5.204735743196741149e-01 4.576382855539249950e-01 4.138715139306006208e-01 3.701611738129368945e-01 3.377874846561782496e-01 3.180459275147228260e-01 3.063922227322534719e-01 3.000958106763951250e-01 2.966899504400562493e-01 2.963658558084441563e-01 2.893847697346078607e-01 2.772301724431708858e-01 2.561580696208684560e-01 2.350082414190673430e-01 2.293335205125195675e-01 2.296088205675708427e-01 2.259724000355880780e-01 2.203758434556241097e-01 2.228746337209342732e-01 2.292249010527916409e-01 2.123256479626996762e-01 2.169003608871431510e-01 1.984721401941004493e-01 1.812749449543613334e-01 1.538616976356275146e-01 1.297494224181840183e-01 1.042610037186539745e-01 9.383772214091459785e-02 9.103763175331143487e-02 8.376838652410505126e-02 8.251349590751377860e-02 8.010609985954696144e-02 7.727008945673900786e-02 7.285367386039459658e-02 5.456823145630398941e-02 5.106259858412579011e-02 5.942381443461659807e-02 5.714841777095303749e-02 4.844585734539941235e-02 6.167898540830298038e-02 7.129289723144517643e-02 8.992483484021270013e-02 1.034026858749472477e-01 1.131193744409381557e-01 1.190168973128673119e-01 1.255797559214516801e-01 1.348416201977868933e-01 1.509518672747702517e-01 1.759791870650582457e-01 1.955921943717708888e-01 2.302260533575038737e-01 2.730836782905765037e-01 3.193114594418793306e-01 3.798985317732323508e-01 4.643892376542130274e-01 5.514416327770337301e-01 6.371222625444252774e-01 7.052749977414529692e-01 7.700385633036845867e-01 8.378364734563044092e-01 9.021882437107774377e-01 9.518473105456856098e-01 9.627429437403497436e-01 9.430515994740510388e-01 9.151310781717826304e-01 8.709403946361183868e-01 7.929126901953458262e-01 7.124006770836551761e-01 6.534425828532065550e-01 5.742380672239502104e-01 4.798064761162421088e-01
1.115002670688365560e+00 1.205092098609398699e+00 1.289983635909951465e+00 1.409933940659349183e+00 1.605041438187527092e+00 1.842019115697276055e+00 2.144183609882349462e+00 2.494240367442072337e+00 2.979544406775318954e+00 3.445365160930871973e+00 3.039107097279429404e+00 2.592122948090481938e+00 2.269033794488505507e+00 1.998374724039923001e+00 1.743832213803276243e+00 1.506373399422406889e+00 1.304281953698765983e+00 1.109955846570702676e+00 9.469336933284934199e-01 8.164533503679194393e-01 6.904518312523827417e-01 6.026048529817735755e-01 5.336200103332793265e-01 4.841932908703716065e-01 4.311663021658487249e-01 3.916178201721252639e-01 3.645632621508093085e-01 3.460309534542723164e-01 3.409828553105346827e-01 3.329835055889588946e-01 3.280348842171858514e-01 3.211970478567133802e-01 3.104017179133727877e-01 2.906554229245557619e-01 2.756166796232907279e-01 2.821170483781807459e-01 2.839331780368188340e-01 2.873178317679034866e-01 2.805375405652109633e-01 2.890081084907397679e-01 2.905049025897467052e-01 2.799771233367664425e-01 2.838547508725993707e-01 2.671906967553090984e-01 2.450244956351159964e-01 2.195608021533840271e-01 1.849501292346031889e-01 1.549883052804703065e-01 1.439407624532825225e-01 1.375826176771346998e-01 1.331569403704839782e-01 1.269113962254484196e-01 1.157303777136007850e-01 1.120853496836091978e-01 1.087852333370157437e-01 8.940651719319968327e-02 8.661653219452283836e-02 9.558300173296273294e-02 9.681909831504430242e-02 9.108075029944318057e-02 1.052606663661371372e-01 1.096244362153302454e-01 1.303345947801616833e-01 1.398061433837395617e-01 1.518605370514841957e-01 1.538265584485535575e-01 1.551110479861656510e-01 1.660653960712956123e-01 1.839476577100146448e-01 2.079329311176477957e-01 2.280018911867741638e-01 2.589202473491526435e-01 3.060714425262237026e-01 3.562191421823072690e-01 4.152421831991127688e-01 4.904181165849136326e-01 5.731039927214195417e-01 6.561484490132266645e-01 7.222565697858863709e-01 7.816716417814859597e-01 8.347140547462525983e-01 9.010685485219266377e-01 9.587789214828611462e-01 9.483012133026212931e-01 9.093865741931947966e-01 8.616152293047957267e-01 8.097829456066519827e-01 7.390026209202933405e-01 6.562514475167540162e-01 5.960249211795858315e-01 5.209501773559379600e-01 4.285562700110078782e-01
1.019653028705154396e+00 1.095527536404911517e+00 1.163611314094405547e+00 1.255277881545125318e+00 1.407482975408030468e+00 1.602013352023806680e+00 1.869719816818726343e+00 2.184255772215920377e+00 2.549193306194179609e+00 3.039107097279429404e+00 3.493925959928009473e+00 3.055605849578284072e+00 2.574943102055883504e+00 2.247261205764221614e+00 1.950695107107707660e+00 1.684367601624873201e+00 1.458516270203127574e+00 1.247106941845685713e+00 1.066440659966730653e+00 9.226315579442400105e-01 7.924408250064443049e-01 6.991219604595406700e-01 6.265205251903981365e-01 5.787884502391313912e-01 5.251872962419392721e-01 4.803659795882289085e-01 4.478456986639242632e-01 4.190784799055688459e-01 4.081308107141332631e-01 4.026358683716807496e-01 3.935941300204631177e-01 3.827399630536100772e-01 3.711949835795095853e-01 3.520547676601759046e-01 3.328552319487244615e-01 3.426764331020812904e-01 3.505853374016902890e-01 3.527516887409566926e-01 3.441515987650382580e-01 3.448862169654695053e-01 3.512206646370623631e-01 3.451490989714522395e-01 3.476374140637345511e-01 3.364954961494929231e-01 3.177624953199485458e-01 3.034115757884729425e-01 2.706855122989578200e-01 2.351449369333764583e-01 2.138446008387843433e-01 2.040174587131980966e-01 1.915109087453440162e-01 1.920153169478358846e-01 1.753331490816806282e-01 1.642720415270657042e-01 1.633531740526283360e-01 1.537402207223187989e-01 1.543976327230570655e-01 1.619153325232298157e-01 1.628807309502750822e-01 1.495276489319876667e-01 1.565410543375414798e-01 1.597739319133421598e-01 1.790215713948853093e-01 1.899634802978125703e-01 2.035702704377876648e-01 2.050976144488425579e-01 2.014194390525219369e-01 2.077136411863737542e-01 2.218315014977309541e-01 2.393256895428267916e-01 2.661101255843347224e-01 2.989197112445430848e-01 3.479681747810808301e-01 4.105269902826467754e-01 4.702075560102382812e-01 5.303579403977011220e-01 6.008629091314128257e-01 6.695873067627626796e-01 7.157017315218296982e-01 7.586366664905573876e-01 8.017932744029950820e-01 8.606562580035459487e-01 9.006786339670302954e-01 8.792820207118441367e-01 8.355329762199639188e-01 7.809155339284004071e-01 7.231051615392521947e-01 6.665783288859983280e-01 5.979289331129453711e-01 5.299151495523733990e-01 4.586181096777634525e-01 3.790539634575179617e-01
8.600554913099136556e-01 9.473233885013341293e-01 1.015480426258055013e+00 1.094267431942274271e+00 1.239617847709239218e+00 1.409936742766533246e+00 1.632472500921144487e+00 1.919572605328889958e+00 2.248920923243495462e+00 2.592122948090481938e+00 3.055605849578284072e+00 3.479372805636232524e+00 2.995208963742263641e+00 2.535296956073957109e+00 2.191843150428802733e+00 1.893350027594293383e+00 1.638147816848916083e+00 1.421443273385220252e+00 1.233488769363177751e+00 1.078851208236615511e+00 9.334384106602472420e-01 8.324981660602326361e-01 7.519371868368026623e-01 6.975171335968562980e-01 6.431087624971948413e-01 5.968098215096422354e-01 5.562636129745547331e-01 5.182052513093282631e-01 4.990587939796187200e-01 4.799063844249714661e-01 4.597711366675654165e-01 4.472175507475389389e-01 4.409201108528934543e-01 4.187674882744267801e-01 3.955405897287938011e-01 4.032287071210658991e-01 4.156558420650457997e-01 4.135943557150144057e-01 4.131969672580511066e-01 4.236935982842824910e-01 4.347702471090030829e-01 4.281643746136173379e-01 4.292318449797715707e-01 4.173272771809498627e-01 4.044245359344470492e-01 3.916394092694407969e-01 3.639057100858796856e-01 3.315189650436465296e-01 3.002081471890760689e-01 2.781678862817829612e-01 2.646581829484427328e-01 2.648922088950822484e-01 2.422325708709024417e-01 2.370812861295970297e-01 2.382330470525568789e-01 2.350003359802354252e-01 2.365274459715651645e-01 2.402014573171304679e-01 2.475273183036496016e-01 2.373401728754396534e-01 2.373459458804226541e-01 2.390560233434218806e-01 2.482426963866230518e-01 2.532523920580585508e-01 2.656579025913475833e-01 2.752110832766695436e-01 2.777111369557447307e-01 2.828871902789414916e-01 2.925121015781005918e-01 3.109577859245551412e-01 3.449601713156128513e-01 3.641705971779948814e-01 4.081934855513630889e-01 4.770138050139045016e-01 5.272885741790156455e-01 5.755597908734592094e-01 6.149797972271228153e-01 6.748940034732442417e-01 7.028028373290736708e-01 7.214216670886434146e-01 7.381049349755876010e-01 7.694633648660734737e-01 7.946361646014971081e-01 7.768878259196971836e-01 7.440704394799869670e-01 6.967935388416256481e-01 6.335833068368664778e-01 5.659432345725263769e-01 5.066203725698321669e-01 4.419703685101669111e-01 3.786132980016606586e-01 3.082280651220726808e-01
7.485064085313818394e-01 8.327241812683120470e-01 8.994112699526863874e-01 9.793713209192181912e-01 1.105781138586471757e+00 1.254314438619109406e+00 1.443653432521834867e+00 1.701545635607590423e+00 1.987534743626953038e+00 2.269033794488505507e+00 2.574943102055883504e+00 2.995208963742263641e+00 3.344549303395642159e+00 2.912274152370351921e+00 2.462762617956165911e+00 2.114069543929128159e+00 1.841523808373707549e+00 1.616222779094023121e+00 1.430489050818096963e+00 1.267771957840769792e+00 1.116297169921145915e+00 1.003761721444710320e+00 9.037565699002426678e-01 8.278177476699241089e-01 7.649361170519463071e-01 7.127480057205848318e-01 6.675723147711688510e-01 6.205541819475923759e-01 5.845973684673974047e-01 5.588675852261097976e-01 5.325776049618038410e-01 5.136619066340883943e-01 5.074919528731114404e-01 4.862262817966186979e-01 4.651259697169508045e-01 4.664841856230193540e-01 4.727582668177088276e-01 4.643811446702532653e-01 4.653462207941344020e-01 4.794777470158029797e-01 4.898442752421446333e-01 4.946013609829741919e-01 4.987090320132673837e-01 4.910246514348003966e-01 4.799115066026179988e-01 4.735577517547482351e-01 4.483213577535389294e-01 4.154022096932927233e-01 3.872826507719884237e-01 3.681938825066367049e-01 3.486817806998224190e-01 3.409568800358440122e-01 3.193727284225326146e-01 3.171169629765334674e-01 3.229224468418199767e-01 3.193502385596901916e-01 3.176958089381719530e-01 3.181101125019182296e-01 3.221196794076134351e-01 3.210124793900483997e-01 3.136391903448111917e-01 3.127255149428869729e-01 3.189604047864259551e-01 3.190784204400403112e-01 3.281766636682315608e-01 3.349662717469442663e-01 3.407541333230871827e-01 3.474206032045975001e-01 3.495366847647713437e-01 3.704455918546863957e-01 4.003348218469947595e-01 4.050865559647240932e-01 4.402483081027955270e-01 4.984564020473525314e-01 5.521758531988224528e-01 5.868411832633804170e-01 6.178167158972628359e-01 6.616520207187049918e-01 6.881335910477845985e-01 6.959548367545451697e-01 6.853033402930867046e-01 6.819960952189483283e-01 6.752491993995809461e-01 6.724911393389402248e-01 6.552161687686587355e-01 6.046875704466390111e-01 5.422965768211149840e-01 4.622787643337651908e-01 4.082542092788641885e-01 3.551142702859215738e-01 2.981135888567091885e-01 2.321444961108402594e-01
6.768252340597505912e-01 7.549133906077857281e-01 8.091669303962849558e-01 8.808524473152571366e-01 9.834112071021969825e-01 1.106635931313654453e+00 1.270381506403636118e+00 1.496760432735225299e+00 1.753466321217691304e+00 1.998374724039923001e+00 2.247261205764221614e+00 2.535296956073957109e+00 2.912274152370351921e+00 3.186817512323660395e+00 2.764681753071223103e+00 2.327392963352536981e+00 2.033353698630071982e+00 1.797800394164968729e+00 1.605985183020029794e+00 1.436813558414933301e+00 1.287173976421003063e+00 1.168073521532582593e+00 1.055293719045048428e+00 9.649027872636731784e-01 8.904094691992578969e-01 8.319666088250048386e-01 7.823214936093993987e-01 7.342914258255590632e-01 6.891273898452545676e-01 6.555846294417028153e-01 6.196407874974183549e-01 5.975168655445521892e-01 5.876096832751598331e-01 5.669286318056864227e-01 5.480599756511526088e-01 5.450003757763964840e-01 5.436370530622343100e-01 5.369241874435790596e-01 5.390697862282869401e-01 5.500838307510426128e-01 5.598502157569470450e-01 5.634992200181095923e-01 5.661358761708134013e-01 5.674422128861338344e-01 5.625254752839535799e-01 5.580609759528263325e-01 5.377081408079674718e-01 5.147553059833072098e-01 4.930831495048005886e-01 4.746543168657273992e-01 4.608125753125201229e-01 4.491832605452395488e-01 4.203732363038881203e-01 4.149120451315913005e-01 4.166986521680557387e-01 4.158257562128321871e-01 4.168474078404385552e-01 4.095870161135572451e-01 4.135316225100811316e-01 4.114244018625519694e-01 4.103513751289089573e-01 4.059083096443253380e-01 4.028754140001526429e-01 4.037460832000507316e-01 4.109959075365926529e-01 4.131936213614814113e-01 4.121452934063476459e-01 4.183857344027065439e-01 4.262694693227628839e-01 4.426973205976471593e-01 4.646009935774937927e-01 4.684724360579752833e-01 5.001388961048022219e-01 5.521301512871661377e-01 5.916759587958779765e-01 6.073819378946602177e-01 6.296296195967280296e-01 6.631815410766138674e-01 6.827238521952267991e-01 6.781732595869293112e-01 6.470544899561581076e-01 6.260598847146372492e-01 5.971852744139728442e-01 5.785673049833714998e-01 5.560752644214771445e-01 5.088811006428906047e-01 4.650592268886646896e-01 3.882796280476942252e-01 3.355038892514000670e-01 2.847471642376141476e-01 2.302448760269527328e-01 1.716253341448091274e-01
6.245998099390234204e-01 6.906406451003493929e-01 7.378613735942410878e-01 7.899847271481409416e-01 8.738685507175769640e-01 9.869337688039722112e-01 1.125805270978695427e+00 1.315219281377386640e+00 1.532189214188199200e+00 1.743832213803276243e+00 1.950695107107707660e+00 2.191843150428802733e+00 2.462762617956165911e+00 2.764681753071223103e+00 3.017492123767894441e+00 2.606953388311498365e+00 2.237820305876956350e+00 1.987001524558919874e+00 1.781124067826381330e+00 1.602399402417181706e+00 1.446266682493644984e+00 1.322086872092620879e+00 1.210665555850596542e+00 1.117580904612489157e+00 1.036827199075266215e+00 9.744528763819160222e-01 9.203719016229743310e-01 8.692762543852954327e-01 8.213690479637517639e-01 7.814072300476572197e-01 7.414794599889621418e-01 7.068820068060572837e-01 6.849377840994209654e-01 6.614195948522059165e-01 6.394919142662605083e-01 6.315150849636606001e-01 6.274146471372721301e-01 6.182992075760913586e-01 6.184542480229426875e-01 6.283541958076350742e-01 6.383958965125982044e-01 6.422056393905147820e-01 6.499315075128975217e-01 6.552909383454538217e-01 6.561086581580636290e-01 6.563629667901034193e-01 6.460037834713737714e-01 6.323183330623078913e-01 6.157509133562093506e-01 5.962287014947122987e-01 5.856954773949804016e-01 5.782030853918127544e-01 5.490376376083786480e-01 5.358048999137975388e-01 5.358517323108924479e-01 5.380108130287143409e-01 5.385680355860017476e-01 5.289432854841669140e-01 5.306831237059099760e-01 5.242846354111275753e-01 5.267101221536309996e-01 5.230127731497589139e-01 5.109750391614813481e-01 5.028081607746621717e-01 5.049079175835221589e-01 5.017190978347456642e-01 4.998065744630776353e-01 5.041914923583362684e-01 5.131826239896295494e-01 5.296435155014049823e-01 5.401963437391146261e-01 5.424481574720381172e-01 5.764982409867986934e-01 6.178231881253740676e-01 6.494551028170418849e-01 6.482676397971672833e-01 6.637315696772464468e-01 6.845400509253637411e-01 6.840534766178110182e-01 6.627287544419033782e-01 6.204549864933204262e-01 5.868824240710971418e-01 5.412523890390393833e-01 5.091058549987984572e-01 4.681982130608712822e-01 4.345356751773272186e-01 3.896209611413355978e-01 3.230634617491420224e-01 2.706605627588897223e-01 2.282059985623068887e-01 1.850325939252304985e-01 1.411489901037926153e-01
5.736015499461265543e-01 6.308701530391117585e-01 6.631054644475041782e-01 7.012416665808992589e-01 7.701611779297810045e-01 8.644377544810133429e-01 9.841315372914046788e-01 1.145132568377924542e+00 1.332770772601302944e+00 1.506373399422406889e+00 1.684367601624873201e+00 1.893350027594293383e+00 2.114069543929128159e+00 2.327392963352536981e+00 2.606953388311498365e+00 2.870261538176523963e+00 2.528888163683898238e+00 2.198222977068492234e+00 1.982186339441587508e+00 1.793668365688298350e+00 1.609067834661131569e+00 1.482249879913939417e+00 1.372059333240476020e+00 1.280449614377484391e+00 1.196278765797532895e+00 1.131258778289867095e+00 1.069308791818275983e+00 1.010360523305798175e+00 9.582285759767036337e-01 9.105014887195040929e-01 8.661314639200912158e-01 8.283369656250366697e-01 8.008004622758694291e-01 7.732238905962354192e-01 7.502021131761660300e-01 7.346532112643265888e-01 7.273405968189142756e-01 7.100879407339100169e-01 7.044107467017782787e-01 7.071926890334813143e-01 7.160846473499757892e-01 7.194252619170625751e-01 7.307538029692054460e-01 7.323895433985148085e-01 7.304324077066411958e-01 7.303088646864192013e-01 7.213657335381691293e-01 7.131897475939905640e-01 7.029583673144518263e-01 6.925112609185003487e-01 6.890087624285813339e-01 6.862182428805467804e-01 6.630900695540836720e-01 6.490085339894665628e-01 6.499176671398755323e-01 6.484990677406139437e-01 6.493454230411996875e-01 6.366354122253348180e-01 6.417927299732110180e-01 6.295205922034743384e-01 6.312263647281586287e-01 6.282280230387753406e-01 6.164024833719519147e-01 6.020956847924460176e-01 5.978425091159510485e-01 5.914354474472249823e-01 5.866670881400348758e-01 5.850581299783798039e-01 5.852902006069603535e-01 5.954792197482274840e-01 5.987884162980379177e-01 6.063577487357286744e-01 6.274030626119408982e-01 6.438255629041234052e-01 6.632268024859335753e-01 6.613211971508700104e-01 6.799024124021308957e-01 6.877529295120786701e-01 6.636528342986192097e-01 6.286236458269717220e-01 5.795033832454957734e-01 5.429178384463400064e-01 5.049727351924544472e-01 4.599364482749394578e-01 4.156007872321103580e-01 3.792902979474558345e-01 3.328418657446764461e-01 2.784293228179984259e-01 2.357507609414858096e-01 1.886631971732829482e-01 1.536025345123061547e-01 1.175029178591221607e-01
4.863083857602015225e-01 5.380030941286711998e-01 5.688374689549922092e-01 5.951717908341207508e-01 6.614387143003843672e-01 7.419019634831340859e-01 8.429117518293079980e-01 9.860267302124468003e-01 1.154155609669186067e+00 1.304281953698765983e+00 1.458516270203127574e+00 1.638147816848916083e+00 1.841523808373707549e+00 2.033353698630071982e+00 2.237820305876956350e+00 2.528888163683898238e+00 2.791774549622954904e+00 2.476887375536933167e+00 2.202107746048345138e+00 2.008098912398357694e+00 1.803755612688203724e+00 1.659818007671509221e+00 1.544123809242817780e+00 1.453422414982018074e+00 1.367515393361038445e+00 1.297838604792325601e+00 1.227590266865280499e+00 1.164689966815947608e+00 1.106310552684055981e+00 1.051270362174800521e+00 1.005589869727036012e+00 9.662508892726705545e-01 9.344225880267065243e-01 9.087125310564435621e-01 8.827192048269542068e-01 8.528941498499290619e-01 8.428247070121982487e-01 8.227669152097030203e-01 8.082390537113237627e-01 8.002317581143575387e-01 8.084252887680360988e-01 8.040593109180304010e-01 8.121972168760422939e-01 8.151351213702870968e-01 8.100762967430493733e-01 8.083253826549569032e-01 7.993221648837289806e-01 7.934015823777109677e-01 7.889006778841519685e-01 7.817164878469610167e-01 7.778245508923145035e-01 7.753450564590891325e-01 7.572168679003017377e-01 7.477730075445750968e-01 7.407805292477767090e-01 7.328144663163235206e-01 7.396478740501816196e-01 7.292901498325474741e-01 7.337585158867877544e-01 7.173035640664442436e-01 7.140758255016091960e-01 7.109918788842712889e-01 7.082922630087132854e-01 6.942450861689817287e-01 6.883581220877615925e-01 6.836042837136959704e-01 6.820712642211238519e-01 6.850957691877531675e-01 6.826478471992080133e-01 6.829070041930064283e-01 6.833562686387263385e-01 6.838281831382749809e-01 6.854660752133723278e-01 6.776488964913272017e-01 6.782425574202574081e-01 6.817994616539971853e-01 6.951495396567605178e-01 6.816189411430778611e-01 6.268004616354712066e-01 5.833515093837753351e-01 5.324741985247516407e-01 4.980947016900331148e-01 4.584549689281176565e-01 4.093488453281022288e-01 3.652045205694692820e-01 3.301074240196362197e-01 2.773998021627610555e-01 2.120234790947790882e-01 1.724846779975945377e-01 1.316660626341263352e-01 9.512422188784294685e-02 6.255137480870973099e-02
